Node=48050 Seq=0 -15,10,250 29.39 63.07 93.71 1776553899910 
Node=48050 Seq=1 -16,8,250 29.39 63.07 93.71 1776553900145 
Node=48050 Seq=2 -16,9,249 29.45 63.07 93.58 1776553900412 
Node=48050 Seq=3 -14,11,248 29.45 63.07 93.39 1776553900652 
Node=48050 Seq=4 -15,9,250 29.45 63.1 93.84 1776553900891 
Node=48050 Seq=5 -16,10,250 29.45 63.1 93.71 1776553901138 
Node=48050 Seq=6 -17,9,250 29.45 63.1 93.65 1776553901383 
Node=48050 Seq=7 -17,10,250 29.39 63.1 93.65 1776553901622 
Node=48050 Seq=8 -16,10,250 29.45 63.1 93.58 1776553901856 
Node=48050 Seq=9 -15,9,250 29.45 63.1 93.65 1776553902101 
Node=48050 Seq=10 -15,9,250 29.45 63.1 93.71 1776553902354 
Node=48050 Seq=11 -14,8,250 29.45 63.1 93.65 1776553902586 
Node=48050 Seq=12 -15,11,250 29.45 63.1 93.58 1776553902831 
Node=48050 Seq=13 -17,10,250 29.45 63.1 93.65 1776553903069 
Node=48050 Seq=14 -16,10,250 29.45 63.1 93.65 1776553903303 
Node=48050 Seq=15 -16,9,250 29.45 63.1 93.58 1776553903552 
Node=48050 Seq=16 -15,10,250 29.45 63.1 93.52 1776553903790 
Node=48050 Seq=17 -15,10,250 29.45 63.1 93.58 1776553904029 
Node=48050 Seq=18 -16,10,250 29.45 63.1 93.58 1776553904274 
Node=48050 Seq=19 -23,98,373 29.45 63.12 93.71 1776553904520 
Node=48050 Seq=20 -10,4,249 29.45 63.1 93.65 1776553904763 
Node=48050 Seq=21 -15,5,250 29.45 63.12 93.58 1776553904995 
Node=48050 Seq=22 -22,7,248 29.45 63.12 93.46 1776553905241 
Node=48050 Seq=23 -20,12,250 29.45 63.12 93.58 1776553905496 
Node=48050 Seq=24 -15,11,249 29.45 63.12 93.71 1776553905734 
Node=48050 Seq=25 -16,8,250 29.45 63.12 93.58 1776553905978 
Node=48050 Seq=26 -18,10,249 29.45 63.12 93.39 1776553906219 
Node=48050 Seq=27 -18,9,250 29.45 63.12 93.58 1776553906468 
Node=48050 Seq=28 -17,9,250 29.45 63.12 93.65 1776553906707 
Node=48050 Seq=29 -15,8,250 29.45 63.12 93.58 1776553906951 
Node=48050 Seq=30 -17,8,250 29.45 63.12 93.39 1776553907190 
Node=48050 Seq=31 -15,10,250 29.45 63.12 93.58 1776553907436 
Node=48050 Seq=32 -17,9,251 29.45 63.12 93.52 1776553907673 
Node=48050 Seq=33 -18,9,249 29.45 63.12 93.71 1776553907912 
Node=48050 Seq=34 -17,8,250 29.45 63.12 93.58 1776553908161 
Node=48050 Seq=35 -16,10,250 29.45 63.12 93.58 1776553908400 
Node=48050 Seq=36 -16,10,250 29.45 63.12 93.58 1776553908639 
Node=48050 Seq=37 -12,17,249 29.45 63.1 93.58 1776553908883 
Node=48050 Seq=38 -10,9,250 29.45 63.12 93.71 1776553909117 
Node=48050 Seq=39 -14,10,250 29.45 63.1 93.58 1776553909356 
Node=48050 Seq=40 -18,9,250 29.45 63.12 93.52 1776553909611 
Node=48050 Seq=41 -6,8,250 29.45 63.1 93.71 1776553909854 
Node=48050 Seq=42 -18,10,249 29.45 63.12 93.58 1776553910095 
Node=48050 Seq=43 -14,8,251 29.45 63.1 93.58 1776553910333 
Node=48050 Seq=44 -15,9,251 29.45 63.1 93.46 1776553910583 
Node=48050 Seq=45 -16,10,249 29.45 63.1 93.58 1776553910823 
Node=48050 Seq=46 -17,9,250 29.45 63.1 93.71 1776553911062 
Node=48050 Seq=47 -17,9,251 29.45 63.1 93.52 1776553911305 
Node=48050 Seq=48 -16,8,249 29.51 63.1 93.65 1776553911550 
Node=48050 Seq=49 -17,9,249 29.45 63.1 93.65 1776553911784 
Node=48050 Seq=50 -16,8,251 29.45 63.1 93.58 1776553912027 
Node=48050 Seq=51 -17,9,250 29.51 63.1 93.71 1776553912262 
Node=48050 Seq=52 -16,9,250 29.45 63.1 93.71 1776553912505 
Node=48050 Seq=53 -16,9,250 29.45 63.1 93.52 1776553912750 
Node=48050 Seq=54 -16,9,249 29.45 63.1 93.46 1776553912989 
Node=48050 Seq=55 -16,9,250 29.51 63.1 93.58 1776553913232 
Node=48050 Seq=56 -17,9,251 29.45 63.07 93.58 1776553913472 
Node=48050 Seq=57 -16,8,251 29.51 63.1 93.71 1776553913714 
Node=48050 Seq=58 -17,9,250 29.45 63.07 93.58 1776553913960 
Node=48050 Seq=59 -13,8,250 29.45 63.07 93.58 1776553914204 
Node=48050 Seq=60 -17,9,250 29.45 63.07 93.71 1776553914443 
Node=48050 Seq=61 -18,10,249 29.45 63.07 93.71 1776553914689 
Node=48050 Seq=62 -17,8,249 29.51 63.07 93.58 1776553914938 
Node=48050 Seq=63 -16,8,250 29.45 63.07 93.65 1776553915180 
Node=48050 Seq=64 -17,9,251 29.45 63.07 93.65 1776553915411 
Node=48050 Seq=65 -17,8,250 29.45 63.07 93.71 1776553915667 
Node=48050 Seq=66 -15,9,250 29.51 63.07 93.71 1776553915905 
Node=48050 Seq=67 -17,10,251 29.51 63.07 93.58 1776553916148 
Node=48050 Seq=68 -17,9,251 29.51 63.07 93.65 1776553916387 
Node=48050 Seq=69 -17,9,251 29.51 63.07 93.77 1776553916625 
Node=48050 Seq=70 -18,9,251 29.51 63.07 93.65 1776553916876 
Node=48050 Seq=71 -16,8,251 29.51 63.07 93.58 1776553917111 
Node=48050 Seq=72 -17,10,250 29.51 63.04 93.65 1776553917350 
Node=48050 Seq=73 -17,9,250 29.51 63.07 93.65 1776553917594 
Node=48050 Seq=74 -18,9,250 29.45 63.04 93.65 1776553917834 
Node=48050 Seq=75 -17,9,250 29.51 63.04 93.77 1776553918082 
Node=48050 Seq=76 -17,9,249 29.51 63.04 93.65 1776553918320 
Node=48050 Seq=77 -17,9,249 29.51 63.04 93.71 1776553918554 
Node=48050 Seq=78 -17,10,251 29.51 63.04 93.52 1776553918803 
Node=48050 Seq=79 -16,9,249 29.51 63.04 93.71 1776553919049 
Node=48050 Seq=80 -17,9,249 29.51 63.04 93.58 1776553919293 
Node=48050 Seq=81 -18,9,251 29.51 63.04 93.58 1776553919532 
Node=48050 Seq=82 -17,8,249 29.51 63.04 93.71 1776553919779 
Node=48050 Seq=83 -17,9,250 29.51 63.01 93.65 1776553920025 
Node=48050 Seq=84 -18,9,248 29.51 63.01 93.46 1776553920263 
Node=48050 Seq=85 -16,7,250 29.51 63.01 93.65 1776553920504 
Node=48050 Seq=86 -17,9,249 29.51 63.01 93.58 1776553920750 
Node=48050 Seq=87 -16,9,251 29.51 63.01 93.71 1776553920987 
Node=48050 Seq=88 -18,8,249 29.51 63.01 93.71 1776553921226 
Node=48050 Seq=89 -16,9,250 29.51 63.01 93.58 1776553921465 
Node=48050 Seq=90 -17,8,250 29.51 63.01 93.65 1776553921708 
Node=48050 Seq=91 -17,9,250 29.51 63.01 93.65 1776553921941 
Node=48050 Seq=92 -15,10,250 29.51 63.01 93.46 1776553922190 
Node=48050 Seq=93 -17,9,251 29.57 63.01 93.65 1776553922425 
Node=48050 Seq=94 -17,10,251 29.51 63.01 93.71 1776553922670 
Node=48050 Seq=95 -17,9,251 29.51 63.01 93.71 1776553922919 
Node=48050 Seq=96 -15,8,250 29.51 63.01 93.58 1776553923157 
Node=48050 Seq=97 -6,11,248 29.51 62.98 93.52 1776553923397 
Node=48050 Seq=98 -10,10,251 29.51 62.98 93.65 1776553923637 
Node=48050 Seq=99 -15,12,250 29.51 62.98 93.65 1776553923896 
Node=48050 Seq=100 -21,11,250 29.51 62.98 93.65 1776553924140 
Node=48050 Seq=101 -19,8,249 29.51 62.98 93.46 1776553924379 
Node=48050 Seq=102 -17,7,251 29.51 62.98 93.65 1776553924619 
Node=48050 Seq=103 -15,8,250 29.51 63.02 93.71 1776553924870 
Node=48050 Seq=104 -17,10,250 29.51 62.98 93.71 1776553925106 
Node=48050 Seq=105 -24,7,251 29.51 63.02 93.65 1776553925351 
Node=48050 Seq=106 -21,7,250 29.57 62.98 93.65 1776553925591 
Node=48050 Seq=107 -19,8,251 29.51 63.02 93.65 1776553925841 
Node=48050 Seq=108 -16,10,249 29.57 63.02 93.52 1776553926074 
Node=48050 Seq=109 -15,10,250 29.57 63.02 93.58 1776553926312 
Node=48050 Seq=110 -17,9,250 29.51 63.02 93.71 1776553926553 
Node=48050 Seq=111 -17,9,250 29.51 63.02 93.65 1776553926797 
Node=48050 Seq=112 -16,9,250 29.51 63.02 93.77 1776553927035 
Node=48050 Seq=113 -18,9,249 29.57 63.02 93.65 1776553927279 
Node=48050 Seq=114 -19,9,250 29.51 63.02 93.65 1776553927517 
Node=48050 Seq=115 -16,9,249 29.51 63.02 93.65 1776553927756 
Node=48050 Seq=116 -16,9,250 29.51 62.99 93.52 1776553928000 
Node=48050 Seq=117 -17,9,250 29.57 63.02 93.65 1776553928245 
Node=48050 Seq=118 -17,9,249 29.57 62.99 93.46 1776553928485 
Node=48050 Seq=119 -16,8,250 29.51 62.99 93.52 1776553928729 
Node=48050 Seq=120 -16,9,251 29.57 62.99 93.77 1776553928980 
Node=48050 Seq=121 -18,9,250 29.57 62.99 93.65 1776553929229 
Node=48050 Seq=122 -17,9,250 29.57 62.99 93.52 1776553929467 
Node=48050 Seq=123 -17,8,250 29.57 62.99 93.65 1776553929703 
Node=48050 Seq=124 -15,8,250 29.57 62.99 93.65 1776553929960 
Node=48050 Seq=125 -17,9,250 29.57 62.99 93.65 1776553930198 
Node=48050 Seq=126 -17,9,249 29.57 62.99 93.65 1776553930437 
Node=48050 Seq=127 -16,9,250 29.57 62.99 93.65 1776553930682 
Node=48050 Seq=128 -16,9,250 29.57 62.99 93.65 1776553930927 
Node=48050 Seq=129 -16,8,250 29.57 62.99 93.65 1776553931162 
Node=48050 Seq=130 -17,9,250 29.57 62.99 93.65 1776553931406 
Node=48050 Seq=131 -18,9,249 29.57 62.99 93.52 1776553931644 
Node=48050 Seq=132 -17,9,250 29.57 62.99 93.65 1776553931884 
Node=48050 Seq=133 -17,9,249 29.57 62.99 93.71 1776553932129 
Node=48050 Seq=134 -16,10,250 29.57 62.99 93.77 1776553932363 
Node=48050 Seq=135 -17,9,251 29.57 62.99 93.46 1776553932615 
Node=48050 Seq=136 -16,9,249 29.57 62.99 93.52 1776553932850 
Node=48050 Seq=137 -17,9,250 29.57 62.99 93.65 1776553933096 
Node=48050 Seq=138 -17,9,249 29.57 62.99 93.58 1776553933344 
Node=48050 Seq=139 -17,8,249 29.57 62.99 93.65 1776553933578 
Node=48050 Seq=140 -17,8,249 29.57 62.99 93.65 1776553933823 
Node=48050 Seq=141 -17,8,250 29.57 62.99 93.65 1776553934066 
Node=48050 Seq=142 -17,9,250 29.57 62.99 93.77 1776553934317 
Node=48050 Seq=143 -16,9,249 29.64 62.99 93.52 1776553934555 
Node=48050 Seq=144 -16,9,249 29.64 62.99 93.65 1776553934799 
Node=48050 Seq=145 -17,9,250 29.64 62.99 93.65 1776553935048 
Node=48050 Seq=146 -17,10,249 29.64 62.99 93.52 1776553935287 
Node=48050 Seq=147 -16,9,250 29.64 62.99 93.65 1776553935527 
Node=48050 Seq=148 -18,9,251 29.57 62.99 93.65 1776553935771 
Node=48050 Seq=149 -15,9,248 29.64 62.99 93.65 1776553936016 
Node=48050 Seq=150 -16,9,250 29.64 62.99 93.52 1776553936254 
Node=48050 Seq=151 -17,9,249 29.64 62.99 93.65 1776553936493 
Node=48050 Seq=152 -16,9,250 29.64 62.99 93.65 1776553936738 
Node=48050 Seq=153 -17,9,250 29.64 62.96 93.77 1776553936976 
Node=48050 Seq=154 -18,9,251 29.64 62.96 93.65 1776553937222 
Node=48050 Seq=155 -17,9,252 29.64 62.96 93.65 1776553937461 
Node=48050 Seq=156 -16,8,250 29.64 62.96 93.65 1776553937700 
Node=48050 Seq=157 -17,9,251 29.64 62.96 93.65 1776553937943 
Node=48050 Seq=158 -18,10,250 29.64 62.96 93.58 1776553938186 
Node=48050 Seq=159 -16,8,249 29.64 62.96 93.65 1776553938430 
Node=48050 Seq=160 -17,8,250 29.64 62.96 93.65 1776553938669 
Node=48050 Seq=161 -16,10,251 29.64 62.96 93.52 1776553938914 
Node=48050 Seq=162 -16,10,250 29.64 62.96 93.52 1776553939163 
Node=48050 Seq=163 -16,9,249 29.64 62.96 93.52 1776553939402 
Node=48050 Seq=164 -16,9,251 29.64 62.96 93.65 1776553939648 
Node=48050 Seq=165 -16,9,251 29.64 62.96 93.52 1776553939890 
Node=48050 Seq=166 -16,8,249 29.7 62.96 93.65 1776553940132 
Node=48050 Seq=167 -17,9,249 29.64 62.96 93.77 1776553940379 
Node=48050 Seq=168 -17,9,249 29.64 62.96 93.65 1776553940619 
Node=48050 Seq=169 -18,8,249 29.7 62.93 93.65 1776553940862 
Node=48050 Seq=170 -17,9,249 29.64 62.93 93.52 1776553941100 
Node=48050 Seq=171 -17,10,249 29.64 62.93 93.52 1776553941342 
Node=48050 Seq=172 -16,9,250 29.7 62.93 93.52 1776553941584 
Node=48050 Seq=173 -16,8,251 29.7 62.93 93.52 1776553941825 
Node=48050 Seq=174 -17,9,250 29.7 62.93 93.52 1776553942068 
Node=48050 Seq=175 -18,9,251 29.64 62.93 93.52 1776553942318 
Node=48050 Seq=176 -16,8,251 29.7 62.93 93.46 1776553942556 
Node=48050 Seq=177 -18,6,252 29.7 62.93 93.65 1776553942797 
Node=48050 Seq=178 -16,33,257 29.7 62.9 93.52 1776553943046 
Node=48050 Seq=179 -12,20,248 29.64 62.9 93.58 1776553943290 
Node=48050 Seq=180 -13,20,250 29.7 62.9 93.52 1776553943529 
Node=48050 Seq=181 -14,16,249 29.7 62.9 93.52 1776553943772 
Node=48050 Seq=182 -14,14,250 29.7 62.9 93.52 1776553944011 
Node=48050 Seq=183 -14,14,250 29.7 62.9 93.52 1776553944259 
Node=48050 Seq=184 -14,14,250 29.7 62.9 93.77 1776553944498 
Node=48050 Seq=185 -13,13,250 29.7 62.9 93.52 1776553944743 
Node=48050 Seq=186 -15,12,251 29.64 62.9 93.52 1776553944983 
Node=48050 Seq=187 -12,15,250 29.7 62.87 93.52 1776553945234 
Node=48050 Seq=188 -12,14,250 29.76 62.87 93.71 1776553945471 
Node=48050 Seq=189 -14,13,251 29.76 62.87 93.46 1776553945710 
Node=48050 Seq=190 -15,13,250 29.7 62.87 93.52 1776553945950 
Node=48050 Seq=191 -15,14,250 29.7 62.87 93.65 1776553946193 
Node=48050 Seq=192 -13,13,251 29.76 62.9 93.65 1776553946433 
Node=48050 Seq=193 -14,14,250 29.7 62.9 93.52 1776553946677 
Node=48050 Seq=194 -14,13,250 29.76 62.87 93.65 1776553946916 
Node=48050 Seq=195 -14,13,249 29.7 62.87 93.77 1776553947155 
Node=48050 Seq=196 -15,13,251 29.7 62.87 93.52 1776553947410 
Node=48050 Seq=197 -15,14,251 29.76 62.87 93.65 1776553947649 
Node=48050 Seq=198 -16,14,250 29.76 62.87 93.52 1776553947889 
Node=48050 Seq=199 -13,14,250 29.7 62.87 93.46 1776553948133 
Node=48050 Seq=200 -15,14,251 29.76 62.87 93.52 1776553948376 
Node=48050 Seq=201 -14,13,250 29.7 62.87 93.52 1776553948626 
